  0.0
  0.0
  0.0
  0.0
  0.0
  0.0
  0.0
  0.0
  0.0
  0.0
  0.0
  0.0
  0.0
  0.0
  0.0
  0.0
  0.0
  0.0
  0.0
  0.0
  0.0
  0.0
  0.0
  0.0
  0.0
  0.0
  0.0
  0.0
  0.0
  0.0
  0.0
  0.0
  0.0
  0.0
  0.0
  0.0
  0.0
  0.0
  0.0
  0.0
  0.0
 	0	1	2	3	4	5	6	7	8	9
0	0.71052	0.0	0.06382	0.05263	0.0	0.05	0.09302	0.025	0.03333	0.03125	
1	0.0	0.75	0.0	0.05263	0.0	0.0	0.02325	0.0	0.03333	0.0	
2	0.0	0.19444	0.59574	0.07894	0.0	0.1	0.04651	0.0	0.03333	0.0	
3	0.0	0.0	0.02127	0.63157	0.0	0.1	0.0	0.0	0.0	0.0	
4	0.0	0.02777	0.02127	0.0	0.58974	0.025	0.0	0.0	0.03333	0.03125	
5	0.18421	0.0	0.02127	0.05263	0.07692	0.6	0.06976	0.1	0.13333	0.0	
6	0.07894	0.0	0.14893	0.0	0.07692	0.0	0.72093	0.0	0.03333	0.0625	
7	0.0	0.0	0.0	0.0	0.0	0.0	0.0	0.6	0.0	0.0	
8	0.02631	0.02777	0.04255	0.02631	0.0	0.025	0.0	0.0	0.2	0.03125	
9	0.0	0.0	0.0	0.05263	0.17948	0.075	0.0	0.2	0.0	0.75	
10	0.0	0.0	0.08510	0.05263	0.07692	0.025	0.04651	0.075	0.5	0.09375	
